[[0.0, 14.080206891275926, 591.9161071716971, 80.20049257771514, 649.4084100374632, 8.209523384219999, 314.6323510208854, 495.1201643175577, 285.1928337563205, 2277.992885414836, 913.6074216092527, 11.860744913305876, 929.66489618686, 237.31893300712014, 470.48443137211126, 226.81352110501842, 4392.031131531262, 328.5503073945931, 250.38182238292964, 795.8804134629208, 575.5649123618911, 1197.090931256482, 482.05749164071995, 1141.046569990793, 827.0800825236955, 1246.4119090738973, 426.7421062800983, 20.563732645747628, 88.44918178927078, 18.135082028878838, 89.32425648094011, 1001.7661309978448, 28.862850873027345, 25.885037262421566, 91.56395338492136, 710.8939371071698, 1176.6226305175885, 994.9819196629243, 1005.921810170864, 123.93153908223127, 429.06838998849355, 602.5210869003854, 493.0597185515451, 1766.4232568818175, 683.9785799300315, 145.11495901260244, 197.3873131936138, 592.9326189987032, 424.4319903275039, 1228.7499495818577, 750.8262986380671, 738.6927144132908, 725.3555740827449, 715.1934041343054, 660.073994835999, 1118.1729736177865, 20.03814329338882, 458.8150929105966, 21.956765548247663, 135.20818917331707, 91.05045386624947, 1142.7012323042356, 84.3645565343302, 102.58661614445353, 1138.1273620889556, 549.3535215450877, 321.57263531049034, 241.1349627300772, 621.626920335884, 971.8683583780038, 1733.5838700007002, 819.711855020068, 9931.914148618333, 7605.181226286339, 1254.5362121133298, 585.3959564332314, 3029.5996655268664, 752.066437520945, 168.46359326768885, 228.37184285698643, 229.68413672118936, 258.1639223773956, 810.6559902806814, 247.41163131597057, 731.0558135554932, 821.875958379187, 807.4712849987112, 559.3462300312609, 634.7411502979598, 723.6692456660758, 801.3993349796543, 861.2929699027743, 27.13799881824546, 797.9456430543222, 632.8632260597406, 28.659054843442878, 778.829715533882, 741.190365416323, 78.43935221155289, 124.43397730075847, 19.575786633472497, 16.312484499300396, 18.319816197781293, 53.155135916472446, 41.731720801599096, 101.19702073550785, 19.948548072330883, 109.3025389511663, 410.91818747961605, 1040.156425014777, 255.56488207009636, 295.0492196422066, 475.75014193649247, 631.6049425779827, 497.9174023108235, 593.0994728254368, 170.42928464988478, 459.9780423967573, 571.5552323727682, 1554.34192076728, 196.9701520259657, 208.18505820281646, 588.1091870941761, 270.1287039321896, 578.1599140003331, 268.09392591956373, 673.4951070593163, 701.7048079867537, 594.5422574339124, 1073.1715690881713, 430.95712722752035, 161.23641892301407, 474.33482830490277, 210.58363970457646, 98.31366598302327, 439.42926223222526, 576.6153493456704, 1982.1404072702846, 1508.8911131905072, 296.1365645895223, 153.1516796859132, 292.2153538267793, 285.89093143743065, 312.6161366432261, 210.91308178267198, 444.5797673439853, 298.46652027066045, 486.33943134499697, 247.6132301118887], [14.080206891275926, 0.0, 578.104325699487, 89.52067324653899, 635.1791685958768, 11.21763647552174, 345.0340137023445, 487.88728414439726, 308.07800675509213, 2097.3041266577493, 893.374357770298, 12.0412314989045, 845.8289190125021, 255.66382365738835, 462.741533022999, 245.3087638535029, 4186.33747592532, 319.964964838656, 251.24453283966602, 775.4951599935124, 545.5032723601855, 1166.3967351845372, 471.7168134918322, 1112.3053289588179, 805.750245733338, 1213.5051857517449, 408.1572892835133, 11.2865586706495, 99.16047411880581, 8.027159950584382, 100.56565779034183, 977.843326094352, 24.773544203035296, 13.994424290638083, 104.86159980676116, 700.1486676121303, 1147.9647914031225, 971.845726208058, 982.2488384844521, 122.28683135620543, 416.8596311037508, 593.1832716830046, 486.34027888645466, 1641.3379269503369, 677.5556270729717, 163.5431554414521, 216.3948851825428, 630.3781983358406, 416.37943070826896, 1170.5443560931124, 734.0041400866975, 719.8503081024362, 708.8927457500267, 699.5323963837991, 643.9523393590941, 1089.6670843380812, 16.105419383476253, 440.57917617796215, 32.03262670296804, 139.57521268724724, 103.6082510017115, 1112.9146248573245, 96.82067186960435, 109.85890675192435, 1069.2464435399022, 593.4705764091879, 314.3036379497126, 259.6380331102897, 611.6298844167331, 970.981871598443, 1596.2412532847652, 796.0103231387278, 9389.314467000044, 7249.3379615917065, 1222.2102913828212, 554.3513097138475, 2854.4394832273815, 733.6278678272099, 185.32382923722605, 233.1864597972827, 233.95371360114933, 259.86114444587184, 791.9518107574056, 252.02649208206765, 713.0033623269886, 803.6849130240938, 789.6720614494228, 546.0633510451511, 619.6407805751013, 705.8475136248657, 783.5495361842563, 842.8341603696078, 31.102948997549703, 780.4802875445884, 600.42807075426, 25.003966638272885, 761.9508915110271, 725.4700833335698, 87.49939740467622, 131.0282820165272, 9.445437170905798, 5.278556945441508, 8.463010493762967, 61.57881025320457, 47.949621623831966, 108.63577746770686, 14.957236813229306, 115.9273154162464, 442.3925155658638, 993.8856608401829, 272.25771172866985, 292.40645504094283, 460.24470469756864, 674.2965106688813, 471.86817480354523, 562.4776892321228, 187.26986730871175, 437.8699302915587, 552.8114016783103, 1479.7083122940555, 215.34646608631647, 227.63329538278498, 629.6137657668811, 292.0363268720853, 546.2578557941673, 273.3958068660747, 655.3090118360021, 681.3539011110769, 563.1556964388562, 1046.2368707441763, 408.17565419878053, 181.5296154294286, 449.86507636724616, 229.595771630198, 113.0917790953217, 425.6476716551186, 556.6309492202009, 1889.6986683273237, 1417.4805339915156, 286.4876209308538, 157.93429046755625, 298.00672074097196, 294.77669657765307, 323.52943046108, 221.00175021060664, 421.5031295266836, 307.35735666186815, 478.5962936226848, 252.03887556639893], [591.9161071716971, 578.104325699487, 0.0, 695.8215768192701, 31.31316575740806, 584.8872571761486, 1441.8942366113913, 346.35426799623247, 1093.8499460911232, 5883.526896558372, 1324.5910882882984, 589.8099122374005, 2573.88287329231, 883.9937020199006, 387.0471230250292, 877.4899983149289, 5378.511156410783, 636.9088244273422, 527.149669410784, 879.6821485532414, 1002.2057963421686, 816.8971291021592, 569.6295913339771, 751.5460447061054, 739.4812405880164, 861.9378153352927, 529.6612540005394, 560.6866127228574, 695.7567342446481, 566.5274430103835, 699.8918917215183, 903.0946697194004, 566.1196737640776, 590.0934333760198, 680.8220273298398, 435.3304572557134, 1104.061952685415, 965.127504332665, 976.9123874849165, 525.1529897207112, 174.31272883985764, 387.2926791843616, 463.22458977244656, 3630.3127642374293, 779.1948040679769, 805.9888981837911, 876.1164088609321, 1868.7021168155843, 293.9815144815154, 1699.2571623107071, 683.7004835302455, 673.7635203370503, 669.7569463231941, 658.7012344783363, 361.0744868775323, 704.951995193036, 604.1692568470255, 568.0991192750646, 603.1853662674521, 799.4108419121404, 692.6839583280788, 740.1574413469217, 699.5013379639867, 726.2703941417858, 2045.9999399040007, 2102.3259927243334, 300.215856884947, 889.2074334542622, 387.2395211926367, 2297.7609088349113, 4400.139793645798, 1201.534213888063, 12930.37875123883, 11523.989612231011, 837.8736595198089, 1030.0626550949353, 5215.4791377630745, 837.0731614905991, 774.9107636218487, 504.9400557304942, 515.0180794835361, 541.585871313569, 754.8287774881849, 532.7056200920016, 782.3287029559588, 726.8560915849536, 708.2971935792566, 632.7327852552254, 674.8009188525629, 642.6484265931691, 709.0314756617834, 739.067458307457, 565.2608059107143, 691.3464161685256, 1110.442491294335, 570.446062116905, 656.5511225354076, 646.8032994484403, 695.848951006571, 749.0834407136347, 570.1000230108349, 581.9571007297001, 572.0339964889938, 658.45902653471, 647.2997925199892, 729.0512757826934, 590.4020836301299, 756.6830575137482, 1473.6648226830155, 1407.4850054498697, 884.3982615372208, 832.0720216003887, 175.15907554449933, 2096.056747906284, 974.5424574204604, 1039.7991813884253, 780.3126892222605, 890.0667448679914, 239.22702063105837, 2048.851883004113, 845.1859244928543, 882.4248126340209, 1988.8760219191397, 1017.4026291212792, 329.03130220852654, 774.0072334935736, 667.5856724563829, 862.1459894702168, 1047.3815519704647, 1045.853277374879, 829.8605958027642, 876.6976047072321, 906.085754350701, 890.3195794438057, 766.0367563000476, 610.7353248914253, 943.5876507438355, 2444.6154952114857, 2842.7511923650018, 973.9477379843801, 578.460481564998, 563.7526337684408, 598.2910216368707, 627.6638175940628, 585.6597833249674, 854.2248192389145, 608.9112658765257, 332.52210291896176, 747.2821907020402], [80.20049257771514, 89.52067324653899, 695.8215768192701, 0.0, 769.7748885058645, 81.8202630958315, 127.64571554767443, 555.6803597907781, 176.3470550738839, 2993.207817884237, 1011.7343129728039, 84.70213316256884, 1255.8411400248215, 109.75216681565377, 508.13795392427903, 102.88381062591863, 5190.441685338372, 302.51783356333146, 366.9266356498573, 879.5886286902745, 607.2784297096022, 1344.0577475350785, 514.9697072824475, 1277.5845498478247, 925.1303766000917, 1398.506946924653, 455.51780799821495, 98.2514699448495, 12.170805856026359, 96.13424991899352, 8.37041674560487, 1113.7719973809742, 112.1625667582816, 107.98004365376012, 21.79320960562306, 782.6357286241181, 1310.7990575447034, 1095.197327559086, 1105.8899697155375, 178.0976578876438, 497.47872834374, 658.7691982250933, 518.0362916199683, 2248.844325137927, 709.6032843222879, 75.01456169728141, 116.46682501457039, 276.70469597542586, 477.0843681466629, 1442.4112514942312, 819.617796934912, 820.9774734392013, 792.6778232525331, 779.3131304301467, 749.8759460084075, 1263.3062725659447, 89.46414829123168, 482.10914307707355, 59.0495667804352, 72.13078486656633, 12.066950744201993, 1287.0104672724824, 9.056203694070351, 23.569644188262934, 1394.1283464330306, 296.4510090227375, 346.069111794274, 113.77870565797787, 683.6630718468406, 1037.8849687500528, 2360.72342802252, 936.6633643055742, 12050.27681437852, 9117.61752170971, 1407.6982619001817, 615.5956898228143, 3762.7940614700096, 829.8125731208864, 70.00303596484383, 314.31277188764034, 328.2422379737014, 378.8171414796577, 889.9511491778958, 349.90158128423064, 805.6733248922261, 900.7508659834473, 885.1913622165802, 605.6908472294617, 693.5246898736602, 801.7999930488489, 881.0740204141441, 945.6212421346629, 108.12767160565056, 873.5174377468852, 659.1533656920617, 116.86431226432423, 851.48431933238, 808.6044104892261, 5.990750378552251, 42.96584235285265, 93.92294760042768, 90.82586742355049, 94.9491831332392, 39.689823693301136, 66.05303979478234, 22.748461993418452, 88.50969253670732, 37.3265560567234, 165.0086510552495, 1208.664575918122, 130.61840271850352, 221.50120836654793, 576.1248189264188, 295.61223312701907, 527.8197472933682, 622.4024715454059, 84.98335763873692, 526.5134632286218, 713.5958288668137, 1849.6561718715557, 84.3285571146037, 86.08911299977481, 355.6596821319177, 128.7655329978497, 625.1987965357044, 186.8086446421285, 758.0420113678927, 783.1063114455538, 623.9092928258578, 1188.0864777454078, 466.74564279623365, 83.19664283316133, 507.06575593378585, 126.84039948843402, 65.16326868197501, 494.87254309226125, 662.8904803222439, 2342.5785419811045, 1845.128584050334, 305.40100519097695, 253.8427537066344, 380.6440787639459, 333.4173697835431, 354.3054191619264, 249.01947562625173, 478.38886644670936, 354.9494755598924, 545.3839892608194, 165.18358364084563], [649.4084100374632, 635.1791685958768, 31.31316575740806, 769.7748885058645, 0.0, 644.0330783725517, 1410.754127963693, 323.5486209290253, 1078.3732886136838, 5726.410017462734, 1328.965543981284, 648.9919237549973, 2509.7459777983236, 888.1767643078157, 358.7287877149306, 880.9150591775268, 5299.869727205482, 717.4422017600973, 554.0157412286084, 894.2047931081706, 1113.9702839153347, 815.3999102214385, 615.1954791161394, 753.0790418083357, 759.4838136086591, 859.9354243940134, 574.9249877895622, 615.3348652883724, 770.5191469928806, 621.9624947597642, 773.7101090096523, 920.6188474493619, 617.2254177391343, 643.2356756667203, 749.3398273744381, 397.716186282199, 1116.5115362433198, 982.2940348116883, 993.9687009730445, 586.9949975882222, 192.04672222844314, 358.47482709656833, 433.9263943946189, 3566.5001584074275, 728.4691392601637, 835.9902861399911, 875.0849384587987, 1821.5597635922281, 270.5618005730787, 1692.1730651453402, 728.3955140167825, 704.7577394039835, 714.2311075208972, 702.2898699950522, 400.1325884156723, 701.5426755105796, 663.0674124212791, 614.8217372103911, 667.590057993804, 887.6139725368608, 763.4028842227852, 738.8949624200109, 771.5681687153342, 805.2601130704252, 2013.9713370595057, 2035.0385008205249, 283.1660161009424, 892.965203359495, 354.12149890563705, 2238.897114698946, 4260.330721802081, 1201.2429333181524, 12675.29958639161, 11433.233240449761, 835.4576446143124, 1148.0395815644217, 5086.698147440673, 853.8368215277416, 857.0595792895023, 535.9868297540013, 541.6665481090954, 557.9909744411121, 781.2811129277442, 553.9490259314567, 800.8762307660529, 755.1111532746734, 737.3393349460572, 678.8045439206594, 727.9563096931266, 679.4040182543142, 737.3623396161552, 764.2078710627784, 619.0408875468424, 724.5466617118283, 1238.44326155622, 620.7649376492305, 695.7757896550767, 690.9094830380096, 769.7162295544265, 832.52203834212, 627.4762942468897, 639.4397393319006, 628.3783901580266, 729.3101891890096, 716.8432814781372, 809.5980937465251, 651.069261684269, 839.8370455872764, 1440.7202290101657, 1404.47082317491, 889.8267610468928, 931.9815123410422, 178.9099526919045, 2029.8077889425758, 1081.3525603565913, 1156.3074753209066, 845.0577778086936, 982.4046670459352, 212.14430046598582, 2022.8857751634175, 848.577037289399, 882.1550071497827, 1926.367252953596, 1009.4416581427088, 383.3627248704678, 856.9257217223383, 687.6191996607186, 873.5789276357166, 1167.864280178138, 1059.482904797916, 914.4849134060429, 871.5924284706804, 999.5256015138104, 889.5217479749186, 767.5276189432833, 673.4050323578494, 948.1188363072122, 2414.6073335262176, 2795.9273614035073, 1085.982758694443, 576.3000919624776, 585.3529450381034, 617.6080513010007, 646.5095946169158, 603.8585818825204, 940.4230937659248, 625.3234388950095, 307.0730675253884, 827.7235834129932], [8.209523384219999, 11.21763647552174, 584.8872571761486, 81.8202630958315, 644.0330783725517, 0.0, 320.2528040406657, 490.6363591959735, 292.37908780338444, 2171.1531442973537, 893.7176146853992, 8.926078949209634, 874.5717924231046, 244.50986322879825, 463.8131699570503, 234.0639449322217, 4276.5698478913355, 304.0018515444336, 257.0388802417777, 776.4364875089332, 529.7667249876001, 1175.1090185375572, 469.0119127977319, 1120.4383880211542, 808.994323319557, 1222.943516989476, 398.6223465199465, 18.081627890719773, 90.8540594936448, 16.824422405312482, 92.7327535575429, 981.5342271812685, 28.617370417548983, 19.651870362757723, 97.1161578648562, 704.2584504102801, 1153.9017311327275, 974.367703379501, 985.4250554409474, 118.17653459213649, 420.4167615158609, 595.7908923404582, 486.03810473077897, 1694.5005088771923, 677.4664121252271, 152.55887006072263, 205.14589919192335, 604.3952123699949, 418.38714730136064, 1188.9760887859568, 734.5867217591386, 721.8674772934122, 709.3814165161054, 699.5674445307196, 649.3899494157336, 1098.2876237367063, 13.648136283831803, 429.9138941477415, 25.37531643942944, 129.23792369049605, 95.96542326230633, 1122.3500442496422, 89.302598269173, 99.85618355817489, 1093.1797740921907, 564.827589206322, 313.8289935002457, 248.39463104111803, 615.2149387963975, 968.0296617322588, 1656.676473420947, 797.850996463382, 9636.846970710958, 7446.663026478704, 1231.9461520182365, 537.4597154561136, 2929.1536507303967, 733.480151837591, 175.17505231316593, 234.7469640434328, 236.31241280024315, 264.72657361100494, 793.2298029387301, 254.31019685318225, 713.1966449933988, 804.8851151244563, 790.4793984382022, 544.5052216199895, 618.1923584649805, 707.3687181703724, 784.4757705182515, 843.954181128029, 30.90026498983045, 781.3717816422222, 581.599349859741, 28.21356716447527, 762.7723486808184, 725.1942031970749, 79.68482002817949, 119.38322455655671, 12.555829290894817, 14.123322522266829, 15.069787649758801, 51.637738661735405, 40.23867349210335, 97.37488265843443, 12.630432337898743, 104.66370382311243, 422.12867459721883, 1007.0919653012954, 259.802488903839, 274.70312177407766, 466.5525019472938, 643.6504820818288, 458.9689265571411, 545.8042099565382, 177.22745356426142, 437.81372616536447, 562.7928684542084, 1507.45522075325, 204.29344886954613, 216.16874447146984, 603.126096764421, 278.88198549968894, 530.1672787689565, 262.10241739137547, 656.1474723179476, 682.3247032934553, 545.8056259692786, 1051.0054817245766, 398.85424434530046, 169.48792298131318, 438.6435921536422, 218.32241532487936, 103.14831511554227, 422.8878066554736, 556.6199540985735, 1925.04610753816, 1447.5022094596034, 274.85456949998917, 159.817489814297, 300.72150833841783, 295.3613529684677, 323.3994288025436, 220.22495261755927, 411.56751151938835, 308.3210327646593, 481.37819258076706, 240.83166166857916], [314.6323510208854, 345.0340137023445, 1441.8942366113913, 127.64571554767443, 1410.754127963693, 320.2528040406657, 0.0, 706.0711712034589, 235.78003575023016, 3740.22215264511, 1189.5308841215801, 334.6201076681294, 1840.4468514074279, 315.8524003056057, 556.5164822605848, 303.9266351649192, 5883.281224982138, 795.5058731353566, 594.0202395430562, 1454.5365062074827, 2354.242303984224, 1992.9501538782984, 1252.7943229889008, 2001.4165279878225, 1605.7366415030212, 2045.948359689784, 1197.0877335047987, 364.15934839019025, 127.72239023137305, 353.6892478728208, 129.46316108050246, 1713.4436245281665, 367.852912550984, 383.0829065018115, 148.3876583820203, 803.3475244339595, 1778.1944054646222, 1741.0405781159934, 1718.7939024364457, 337.9219008735348, 1382.4180046384379, 705.0553367004165, 538.2935056297549, 3087.1673141068927, 641.3634803696814, 221.96651648465797, 298.28337828683397, 291.80057428220164, 610.8656395059635, 2216.9450383035182, 1607.546112126687, 1586.641056899999, 1592.0298245464123, 1590.0083114686668, 1779.589642185633, 1897.1748953925107, 334.6769675897067, 1205.7027990426513, 237.01312856598958, 411.91377486044286, 142.28563448551253, 1956.4951944511647, 135.12013785428405, 127.63617611507065, 1955.9626966168971, 300.6939736260651, 434.4243632893646, 338.5881041038359, 714.1721672790169, 1184.7046690171474, 2601.5099574913024, 1186.3937162610905, 12807.700665038677, 10831.028034866396, 2039.938420044982, 2449.3720810956684, 4224.46209508709, 1354.5077213418879, 253.22500285747492, 540.3418917803411, 578.2158943851492, 621.8972804201321, 1625.0839789884253, 585.4242024119143, 1362.8885842786415, 1641.3501354820917, 1602.7436977044445, 1336.3323780098292, 1277.7271815670742, 1561.479138872292, 1607.0440475501616, 1660.198777579259, 337.7475206044195, 1611.7719191079627, 2623.6933014725546, 368.89009404307376, 1652.7907902521656, 1571.6553451529553, 126.10615875765694, 174.49004151277924, 367.15836785100646, 352.5057365559646, 368.2240921097357, 184.0716326796072, 250.1301050952765, 122.38840847623322, 337.64794694855703, 214.47502491638744, 243.68050135567657, 2176.2761093402623, 256.7546972569018, 486.3966856345151, 965.1736195950909, 224.83302801341125, 2049.960620109225, 2430.109546416172, 242.59423014269882, 1586.7372542764747, 876.7043929001768, 2273.6706786995037, 237.13060783273616, 308.92035980342814, 369.7661066016337, 321.5407529124692, 2166.5998796521076, 238.66942636123284, 1316.605478536216, 1342.6094826666242, 2489.9912758346763, 1791.7177611604236, 1654.5495141623373, 236.74332188070846, 1838.2919791101676, 297.1125522437848, 247.95291237218464, 898.0707902731402, 1007.9167324119844, 2796.7224884306816, 2457.289026332118, 1409.7367922352098, 501.1241603900248, 592.7786679246167, 504.1606797073689, 526.6338875401509, 442.0825833271718, 1694.7766207568163, 535.4871222257901, 676.8636832291504, 191.6636429889645], [495.1201643175577, 487.88728414439726, 346.35426799623247, 555.6803597907781, 323.5486209290253, 490.6363591959735, 706.0711712034589, 0.0, 635.1462373521496, 5221.970191610535, 1098.8754985562553, 501.89059303089806, 2321.2250211236283, 660.1032054351059, 100.85791871201134, 653.7249241933079, 5523.367512537486, 550.3199901567739, 639.7823929357331, 857.040996331141, 1331.6647044187348, 880.1782978167888, 612.2669160171076, 840.5371282687469, 789.119182650681, 926.8284566630172, 583.1842197361916, 476.99064586303024, 545.0272317802779, 477.579205806004, 554.5883986950868, 923.1571562964721, 488.17953939899076, 509.6179730026075, 531.8022152374091, 98.60176002385579, 1101.322340958561, 981.1515741929961, 979.8622712614172, 447.81612814473016, 387.3573818914346, 78.68997209331096, 110.66982050237335, 3560.896320445446, 229.4871035717539, 620.3139809149745, 636.7239724635928, 859.3343403852072, 53.935633985826165, 1789.2629171822741, 766.8314237052836, 748.9885297512736, 755.1210143787504, 747.5177251922876, 646.6980886583859, 786.044439619343, 519.448166036427, 606.0368434129829, 490.22650819220576, 735.7651431935026, 544.3370437028985, 827.5412091612078, 555.4499235603408, 587.3513052804541, 2006.646716192138, 973.2694789495033, 116.98339343474464, 666.3292640050458, 117.06567538257819, 1723.2560820183332, 3695.1239018684814, 1022.0313820559265, 13187.056136030158, 11909.517658741872, 908.9996236222034, 1377.1609141348122, 4886.335780414612, 802.996335167827, 632.416929830271, 627.3021647211372, 628.6450238291436, 656.8681263753341, 809.3364739852678, 651.2653575239295, 765.2617569167558, 792.5660091118164, 770.8963436797906, 667.2074198841373, 687.9616429917876, 725.942039925505, 773.8663773572105, 802.5117734222126, 482.2584116711799, 765.1895178024059, 1480.3193495307992, 487.5701929202358, 758.2213357872413, 736.2350880428789, 559.6758510553143, 602.9746610383446, 488.88908923776006, 496.33417309815195, 488.54729964470215, 554.4530296662767, 564.8099409077358, 597.886519932752, 508.06557513671896, 651.082464527259, 754.8628889177867, 1488.7932967823567, 622.0104512479165, 684.6673640182671, 224.3302755369163, 830.4539100046959, 1239.7949690522814, 1377.5821930083737, 615.5545073522637, 1065.711206023332, 136.09008531027493, 2113.237520515598, 615.2111911673818, 661.6570866210461, 918.042586823365, 664.1708403438855, 750.3732286592297, 603.8949234955079, 664.9981604313018, 852.3108943157636, 1400.4916641075017, 1057.4037372567846, 1027.177191478887, 629.7694892546265, 1132.8333927127508, 632.620972253876, 621.8664972890434, 592.1407124971179, 846.8340332616679, 2504.898894703193, 2726.0051753901466, 1100.2641963935232, 597.4144375999048, 694.0110891223211, 698.6509914961302, 727.0512129144379, 636.0629402634024, 1053.8113848169219, 705.6459846376569, 30.325990279621188, 575.0187673012147], [285.1928337563205, 308.07800675509213, 1093.8499460911232, 176.3470550738839, 1078.3732886136838, 292.37908780338444, 235.78003575023016, 635.1462373521496, 0.0, 2871.780629870557, 1191.5386539184117, 301.1668130042793, 1375.8781720156073, 81.40158512345069, 529.2087873966981, 78.81181184412311, 5084.5867332295875, 667.5376714824, 490.90633118599635, 1179.1584360126533, 1511.3271020505172, 1489.1906392250996, 1018.6801048510896, 1470.2707024085446, 1250.4852399964122, 1551.5105422754089, 961.6180716052774, 317.39177552783394, 168.37921658398938, 312.1471672996437, 173.53934532855354, 1345.6099390841814, 313.2262180071893, 330.66876360667254, 179.95433746957647, 802.8904688483718, 1483.4563321283445, 1376.7694481175345, 1368.979307782519, 380.2250174101401, 1064.7259891883277, 688.0897119337295, 495.2360550331719, 2446.4386364663114, 625.486934101763, 83.21399669177941, 61.45320223201123, 76.00571166021967, 575.9415411409311, 1709.532627987978, 1262.0010529353492, 1228.9466605500008, 1247.2377246975861, 1247.9640671101097, 1297.8619798226168, 1411.32174680674, 303.80305181993424, 984.8642223722427, 243.19873979879415, 270.1898049116028, 180.10451533929543, 1441.4184430940193, 173.5539370335227, 170.40338799411597, 1608.8987286563645, 70.20513405023947, 442.3880735101663, 93.68812455772222, 709.3179746058967, 1251.0456108770927, 2144.6806609403484, 1105.753773608561, 10813.126561159748, 9061.361978489434, 1552.8229805721862, 1561.5913043592577, 3513.423075305501, 1123.6010187863817, 85.8750434907416, 457.592176023432, 470.9131934833417, 505.4929421565296, 1278.5898043164016, 485.4793282896836, 1122.4936604030856, 1291.1472016385105, 1268.9577797945262, 1070.6070545047794, 1062.6924918242935, 1219.622016768116, 1266.9425108698385, 1309.1774328202355, 294.6049681944217, 1273.1322644489585, 1666.7939881661016, 315.6528081658855, 1290.3907160847148, 1244.5214300231353, 176.6969312927927, 169.91929303648482, 322.3263619949296, 312.78658969158823, 322.38781730927394, 222.83196491476744, 255.57276384638863, 169.91059280239415, 307.9175633599452, 190.78579063250942, 98.35561491562062, 1489.8077295841686, 48.224020535821936, 340.6727360709524, 856.8420276994995, 138.97080058370062, 1308.0728277182182, 1554.0848542796336, 69.58801989969932, 1029.1805540657374, 861.3651100413812, 1968.215079506246, 78.63802290032504, 98.7262955917313, 54.940723253624526, 71.2394606233986, 1523.2605021425782, 161.6287636498733, 1071.3912217992377, 1092.8958726905882, 1585.1878868459705, 1406.6873880738083, 1095.848236405609, 87.830839951895, 1200.7493823941322, 56.18825497960477, 256.05295237581475, 808.5740277284249, 891.4092551915876, 2446.9633277607495, 2032.7431160109338, 836.8817171741592, 400.6494066570259, 518.4571946954628, 483.95616381234856, 504.68484079359695, 397.2365579471878, 1119.4379411428172, 500.69305506538524, 619.5298521783825, 178.1675769564611], [2277.992885414836, 2097.3041266577493, 5883.526896558372, 2993.207817884237, 5726.410017462734, 2171.1531442973537, 3740.22215264511, 5221.970191610535, 2871.780629870557, 0.0, 186.71751862669385, 2197.0653301632487, 638.3939028787023, 3174.803958138611, 4720.312177828255, 3089.9363369535463, 2612.3983349994382, 6626.999362406565, 2826.401062709015, 1095.2375388750859, 2813.989819116342, 2183.1643439604113, 1010.9713913626262, 2228.1669503755397, 1968.3371597566513, 2254.9479707298424, 1014.1228985781833, 2137.208184919529, 3024.195456966495, 2104.7398478357622, 3061.5051517464417, 2014.2248082786762, 2290.4918196498434, 2038.0162025775571, 3013.172328830966, 5035.2462201753215, 1982.7290565132819, 1974.6565650889343, 1846.673694513657, 3975.5901416879624, 4849.042834556893, 5017.241749067869, 4757.15222972065, 1815.8710291003063, 4597.714170467641, 2634.98707066957, 2647.2819543261967, 3896.4504940493343, 4939.883358947108, 2595.164041238309, 1973.1015111930574, 1958.8352713225204, 1976.1448393366516, 1993.1812564322472, 3641.3919136660993, 2085.9765867335054, 2124.665994531707, 989.2503396518025, 2430.240817494588, 2983.6870787251783, 3086.3321099776617, 2198.2657021273594, 2950.1369158697244, 3184.9837905692452, 1613.0864214167298, 3580.9761148396565, 4531.784975089488, 3137.213671615344, 4851.255400672608, 707.2964507991784, 935.4156145600291, 81.4968571501892, 5636.513222810383, 4993.055543497952, 2265.7575351315, 3074.7670960846135, 1024.2476056313608, 881.3291916564206, 2891.21674104779, 3119.03813814762, 3014.282559188898, 2961.6920308437234, 1928.1988884944838, 3072.6094902748973, 993.4079431683833, 1991.6477406606891, 1887.8731076681142, 1085.036721080853, 880.6090860010528, 1961.6076710612197, 1959.3605488284368, 2057.7920728934264, 2313.162367159018, 1947.8193923569177, 3526.02864076038, 2195.9328483623085, 2117.3971785644076, 1881.561122130211, 2947.908122828306, 3448.7978773938553, 2079.8435636465415, 2111.8825037117463, 2088.8096423878387, 2736.1177567497366, 2393.221659528765, 3111.923465743299, 2068.0507729956807, 3016.231700617727, 3650.2250648143104, 2539.9520814158295, 3103.6579114772144, 5997.255105213144, 4714.2216754508545, 4055.187964142223, 1791.3631684630054, 2985.1804149087393, 2759.5670465172097, 770.0440170521837, 4952.609786220802, 2395.1338538082096, 3004.312729674241, 3019.5616645680298, 3550.223834060681, 3119.3490866552315, 5919.599100979676, 4697.504549310008, 1382.4935989211833, 939.2420717849965, 3178.678181769253, 2015.7513604350727, 1356.6843500842144, 2642.498979642673, 1516.2139925282158, 2658.0115708211943, 3285.703159948708, 1774.2664860844777, 206.14835165929216, 2119.851477063444, 973.6257010697547, 2128.7915255761745, 2930.1306245731666, 3319.3175781920427, 3516.927849779071, 3565.6683131500267, 3324.1752971444203, 1341.2854572911028, 3662.9429043826044, 5096.242949540451, 4611.195842975191], [913.6074216092527, 893.374357770298, 1324.5910882882984, 1011.7343129728039, 1328.965543981284, 893.7176146853992, 1189.5308841215801, 1098.8754985562553, 1191.5386539184117, 186.71751862669385, 0.0, 887.3245715827592, 822.8232046189225, 1191.5251982049062, 1027.6235653892643, 1180.8299496035063, 2607.1477119050337, 1091.0919728604624, 1170.2786529601613, 397.16863829477984, 1387.7871700589508, 929.0108941859893, 354.12298412032646, 944.9835034412985, 600.7635695129745, 961.3745032644991, 349.0114845536273, 905.8517514382991, 1031.7285461013555, 906.0733803053879, 1031.6010709501763, 611.5408352998342, 952.7185357412467, 899.6372762742835, 1051.6720515558566, 1217.4387861641574, 620.3172714331819, 613.0428723377064, 587.4200894833325, 877.8979829852458, 1034.8563885386043, 1139.462837643287, 1025.9033970067062, 1525.9690952423794, 1169.7816724227425, 1100.5553873336887, 1175.2155097291559, 1552.5362488025003, 1030.2970065011893, 1317.3600973605814, 591.4099031392489, 602.1822702765843, 590.6912511224886, 590.0450274240909, 1053.4536600413537, 894.2811251786702, 890.0373246256851, 332.10226393442036, 917.2820224397806, 994.0963451915621, 1045.2509722748866, 929.2758028040137, 1033.9211635626152, 1032.9209507427179, 1129.4237122857292, 1717.8794852578828, 917.3983648323696, 1204.423191840058, 1151.0443603834879, 653.1264588593291, 183.66195291410702, 104.15979834170835, 6035.646294546367, 4308.987411417968, 963.3470240432657, 1464.0160297490236, 1182.511650056372, 327.115425995805, 1121.2779144609342, 1120.178260655813, 1133.5148541672393, 1167.9845461142063, 584.0118142782576, 1149.6430247863948, 355.391871062459, 601.8211117359974, 575.0605700821629, 395.66142696554675, 319.8492006550881, 591.2034828290259, 585.9683971884485, 615.2444571346648, 956.862649793212, 589.2289136001767, 1601.282809327224, 958.1671488016337, 635.796640633503, 568.4779368941543, 1003.1395927741889, 1068.320061683281, 873.1524074713236, 886.4950899799021, 886.1480043287357, 917.713004267526, 877.0390864848133, 1015.487981008932, 865.9269654667676, 1007.8646511963161, 1347.8039556546987, 1245.3097053770036, 1157.309740492911, 1159.6367020835398, 984.7936064892014, 1705.24564099248, 1168.2657111024823, 1446.2140208854357, 1133.6214934874315, 820.758416062809, 1103.367543059877, 1392.839464582814, 1156.9277443229994, 1168.8329699751325, 1713.8840614336016, 1224.4481238996866, 1444.6162194130816, 1038.2050032468296, 415.6616720418555, 350.7393047860449, 1496.319061217724, 648.9104568328848, 861.6337837135388, 1124.198765197312, 996.0699023076222, 1188.5252731951068, 1055.5762129850075, 240.9750432424866, 195.50889015008772, 1415.829882221836, 723.6048480757839, 1023.268943103455, 1092.4244972951356, 1192.8759310477703, 1214.2971311480094, 1255.124914510371, 1170.5353608391981, 881.3428465571784, 1221.5322098601746, 1086.309013642727, 1006.7818967615785], [11.860744913305876, 12.0412314989045, 589.8099122374005, 84.70213316256884, 648.9919237549973, 8.926078949209634, 334.6201076681294, 501.89059303089806, 301.1668130042793, 2197.0653301632487, 887.3245715827592, 0.0, 873.1627966450474, 248.23282071453798, 468.3531713749179, 237.6989689211854, 4290.116886498837, 306.29815650234264, 265.3731028733643, 768.5988208518772, 498.28564737148696, 1165.9272018596857, 465.86504353925983, 1111.7867239643538, 802.8450532435714, 1213.6807381491526, 387.3710832281502, 19.408336584838306, 95.00349666975141, 18.116690575285045, 96.12780849934124, 974.40024113459, 32.07928471245451, 16.857473169204304, 102.59467683334498, 708.2455646546471, 1146.3505815042954, 966.1239147058327, 977.495008142195, 130.64954712948315, 421.00538094212703, 600.1626716462227, 490.9882607017544, 1685.1473136144346, 683.4068192079988, 154.28767009797528, 207.69972211036384, 618.6386841311033, 425.5853136831622, 1180.2642458886444, 729.019339743398, 715.878487966045, 703.8814945963647, 694.5486976136497, 646.2782848398525, 1089.76699780514, 10.373950338741082, 426.8036334970882, 28.410802880030943, 120.4900128477965, 99.96195722646623, 1113.43173304806, 91.71654185697874, 102.40720950570298, 1086.1534710007868, 576.4691742367633, 318.17562596594155, 252.30858177188804, 618.3024542664454, 957.9845810209412, 1657.6601779346079, 790.1798805856067, 9748.429466502119, 7362.181475528402, 1222.414583035569, 504.386009172524, 2943.3944504236256, 726.8071968511631, 177.65634670460818, 242.10124419884974, 242.66026255648504, 271.28458261597984, 786.8913118293812, 260.84565252776497, 707.2286811116923, 799.3564855566578, 785.3124908243445, 539.3438151765564, 613.5642981887441, 702.2048006793896, 779.137538262769, 838.5491955657709, 38.32976771546003, 776.3761964318223, 546.0298063160718, 32.88761301703108, 757.9674897964125, 720.8854320170673, 82.31418117442753, 120.99378132174571, 13.175246938017972, 9.173872255549291, 12.024380954737673, 49.667112445709336, 35.7404442990577, 94.67453737948885, 12.493576375794534, 99.75398345239692, 430.91704011975435, 999.1235059587004, 267.7667684747232, 273.8885864809847, 465.12104298944155, 663.486308660481, 430.3286694281648, 513.0008417147968, 180.1284410053542, 422.4608420431222, 563.9466720194362, 1504.724662780183, 208.38418208527253, 218.52898278306478, 614.3103321732922, 283.031586806634, 510.6799722251316, 269.37968459253807, 651.380522608645, 674.0558985468248, 512.1116387005668, 1042.3449896298823, 377.40790150697904, 170.97868855762863, 421.79739655737865, 221.53167382427537, 102.98996575956795, 419.27193177325967, 548.7736591099775, 1927.693636561721, 1445.9070700706186, 249.76132220307318, 164.74378688688094, 308.458366042465, 307.5823351468986, 336.0771032776325, 230.71884366862986, 388.62288730285957, 319.6532063577023, 490.4320762057419, 248.12500414468678], [929.66489618686, 845.8289190125021, 2573.88287329231, 1255.8411400248215, 2509.7459777983236, 874.5717924231046, 1840.4468514074279, 2321.2250211236283, 1375.8781720156073, 638.3939028787023, 822.8232046189225, 873.1627966450474, 0.0, 1436.1706791298172, 2095.495855762868, 1398.1672277777434, 2502.1957777680445, 2965.1280086190072, 1392.412815608243, 747.8618712734678, 1115.2902200367243, 1181.2998846997502, 671.100020194862, 1193.4543271013738, 1108.5913971010843, 1210.2337671902592, 576.3350996922234, 875.3661608090825, 1284.5719611055858, 861.3987171266166, 1298.0127242542726, 1154.2965362220434, 966.9367095511101, 819.6234132846516, 1302.5586501219088, 2248.345291972203, 1188.9930563464857, 1103.004809932396, 1079.60050107865, 1740.6103179354382, 2098.0719435765955, 2238.346160399636, 2125.8574407977662, 801.1786893303968, 2107.867422501403, 1162.8168529780246, 1220.275213933621, 2075.07070905073, 2180.62693083779, 996.9654975613678, 1086.5648826333531, 1062.9797164424715, 1073.620875238812, 1089.1267438857162, 1604.1177005381967, 1151.7969089485296, 844.1861706992171, 627.3636973253725, 994.7511718893647, 1207.0304360495609, 1318.7093907174296, 1179.6543828997292, 1251.6367931518798, 1338.6668431503927, 517.0580391240635, 2061.13888571298, 1988.2860909543326, 1425.9508325233364, 2162.2275507452505, 1251.0483499761337, 972.379638495575, 612.231825594974, 5640.451666033403, 4319.320276081239, 1224.1044153034445, 1234.1788819365565, 1378.3698441361437, 718.0830584555731, 1275.5205504195246, 1464.3398470080513, 1423.1858014112365, 1433.3902512344896, 1068.8738739595683, 1462.0387615059374, 761.8025782984188, 1133.2694166220758, 1116.76010649107, 680.6149611022763, 722.564927431664, 1101.64258924981, 1121.656011878691, 1186.7024499682443, 989.0208911087344, 1137.2697255253133, 1442.4286344681368, 933.0385053338207, 1185.227274231224, 1110.61812683604, 1234.0542077955906, 1456.0378511723059, 823.2977361734522, 842.4899389928181, 833.0681455176568, 1101.6920879482784, 936.8432247205554, 1296.3416439574382, 810.8005036446461, 1237.3191356618504, 1802.5661488342364, 959.165166881083, 1410.9745934446428, 2628.2867329166097, 2046.0530882764, 2373.586085089964, 666.7418274586305, 1197.090764031173, 1241.6972957265157, 93.36885522099912, 2163.44608771385, 866.8191856595123, 1358.5062567634477, 1347.3522912461844, 2021.176817461124, 1444.577298460328, 2545.9230757645255, 2068.0617461934717, 905.2666642734156, 611.6495797953125, 1282.4400750409407, 1115.0150362402542, 393.845276739478, 1185.8224163734883, 452.8267556512728, 1241.9666724740212, 1429.9995897209792, 1002.6977290735391, 362.78336765458175, 1108.8606277929111, 690.266195982762, 746.8552697931419, 1345.2885447949664, 1591.4504520021592, 1680.1696449959318, 1718.3791175306676, 1549.1051505713406, 388.39436535338405, 1734.570433108245, 2258.404033808898, 2026.5088531053298], [237.31893300712014, 255.66382365738835, 883.9937020199006, 109.75216681565377, 888.1767643078157, 244.50986322879825, 315.8524003056057, 660.1032054351059, 81.40158512345069, 3174.803958138611, 1191.5251982049062, 248.23282071453798, 1436.1706791298172, 0.0, 570.6502874727496, 10.551831370574243, 5364.393358671729, 528.1886670837588, 487.4891549112604, 1029.9990879649795, 1113.9990614521496, 1496.4993061968078, 838.6893222801874, 1423.7282543193394, 1073.17478600158, 1556.6670775843008, 785.3247070040644, 261.8528816729914, 101.69246006027669, 258.6683844727459, 104.43760831129889, 1272.0329373731545, 256.3222596473126, 269.59869903956456, 117.4978057125556, 870.1726796590162, 1482.788047473234, 1253.7941513069784, 1264.7760782027747, 329.7804108874027, 854.2942249425935, 740.5647726893453, 550.5555460350024, 2426.378848945145, 717.8351368102904, 76.12462682219667, 39.33468882418458, 84.47594967304889, 572.7105771578969, 1632.5657771350843, 1028.8726567901945, 990.7952885699735, 1015.3943042621145, 1016.3477262106313, 1028.9222081362502, 1407.4658214250203, 250.8234131794994, 810.2101448203367, 204.8356553662629, 156.7163741883698, 109.6390008696194, 1433.0539007316781, 109.08705224998576, 93.27645239138869, 1578.682496771443, 164.3936492017024, 426.60648949892015, 11.930126546886862, 762.8968166219224, 1250.21906378908, 2542.8779825147226, 1109.4254215290323, 12110.107156403994, 9181.280278049775, 1562.0588173375022, 1142.531991763277, 3924.450749432928, 975.6429544856215, 37.46971062775577, 428.1960842403275, 439.93012009733195, 502.0268283376551, 1043.7177436623833, 469.76572949635175, 946.602331973812, 1052.9413893488245, 1036.678301839213, 880.5835898096293, 885.0154777426453, 985.1686842077136, 1032.5817491779899, 1084.5749079545428, 246.7012684943949, 1039.1465316612523, 1215.0642735753938, 259.0095480262342, 1047.6559025250895, 1015.9598720591949, 113.81224747602639, 85.25634792040555, 265.62492170627706, 257.719178575745, 264.479920344507, 171.18491181390695, 213.5333750070148, 94.61718193866056, 256.2805800040386, 106.25540762899307, 78.69407156446042, 1393.013445846243, 41.85962863746564, 264.86710290456995, 748.4479393092015, 210.7685504801418, 965.950640019241, 1141.5332796412756, 45.52636483481197, 783.0196951813828, 847.9983575356132, 2011.8790469868843, 41.641671054944, 20.63305051940028, 129.14889700125175, 16.478576406504054, 1163.9035037748974, 153.8581373810433, 902.9741435179465, 930.5924720899802, 1158.0406748561395, 1353.4979586381705, 839.0644863638224, 79.59563335502463, 908.2854936356683, 41.024735479349786, 164.5935548458973, 676.1731497705007, 813.7049355989767, 2530.2093309786715, 2051.29163326566, 582.5867103622388, 362.13378892194794, 510.9110988161918, 467.0270120748712,