[[0.0, 14421.930507768617, 9294.439506347615, 304.4503584405531, 101.58322060868241, 8315.119814314296, 51.99408010912464, 1719.0228825087079, 307.9319194069439, 2313.3436372236683, 2399.598063471002, 1885.17818981737, 2271.299988868549, 1867.4219835844485, 1843.7885405394459, 2277.338535083992, 1743.6620501905375, 2379.0996430074424, 2360.220411599076, 1990.6871530033748, 2316.279775581849, 1756.4283051957188, 1757.111943690355, 1363.9923874214496, 1889.6905246711235, 2767.838690109026, 1446.2770831866126, 1242.7132310942652, 1421.8677081310104, 2266.0923157007023, 1276.101138286153, 1266.987131477186, 1620.3862216127848, 1261.9584704144925, 1257.8685963232226, 1486.1292209096694, 1527.5500683164403, 1815.1942581935596, 1420.1902363048785, 2213.181360146821, 1269.6654004260981, 2131.9107417750834, 1393.5202253325758, 2745.8067134942057, 1684.3511938020624, 1258.547393435835, 2387.574713996133, 75.21131978323025, 1426.5582707509027, 1259.2786104258735, 2295.5846586551356, 1580.9264417939678, 1581.3521445408, 1411.897912591653, 1340.707027638024, 1471.384204078998, 1295.3683125373188, 1490.7102730720567, 1608.4812673866031, 1260.5464434021274, 1634.4038664389125, 1458.8413930096847, 1414.8477724020577, 1541.9143232249583, 1569.6052496864586, 14895.872942543077, 349.08286413429937, 191.6558778303796, 231.1369512049502, 141.3626680661381, 187.6623105570568, 83.00391385208107, 285.52089811468795, 1650.2986073070972, 4599.712465804844, 4478.028429427571, 5789.486595693499, 2380.7013763179375, 2189.097412316678, 1806.057636128014, 2316.7703809638347, 1930.2978460384275, 2124.046859451245, 1662.5152708268786, 1704.6882903796031, 2207.1846623281663, 1924.9709660159754, 1888.765754806698, 1499.7936270365203, 2188.6965066612074, 2787.494922467416, 2818.046207517319, 2296.3968480796907, 2893.393911901373, 1432.55830020424, 1284.184097132986, 1244.5901903120896, 1487.25843888687, 1885.4374400272013, 2396.7722962608514, 1419.435318920418, 1289.6049675344095, 1478.3285713230987, 2315.800818451756, 1311.6336992583585, 2761.5362723423686, 2357.572766083708, 1433.180218039107, 1556.1124021886728, 1584.2276934501629, 1843.5513101943218, 1587.9909869593414, 1524.683434933186, 2253.4765382693504, 96.22588067306498, 1114.2957688265194, 44.428079020813634, 108.78339815257463, 81.90778063427332, 326.2494722079309, 175.17712792709497, 2123.449331893241, 2279.6855993758963, 1997.7349815669386, 1925.811763430238, 2228.113473302176, 1979.0227416599503, 2187.1664706281877, 1663.6127492144478, 2341.4773191965874, 2492.026569463186, 1720.325980457066], [14421.930507768617, 0.0, 3989.7794960577066, 16099.395498899508, 14268.318952136426, 6601.318486592788, 13879.120680130585, 10518.859083189447, 15991.984110898917, 8924.21521608895, 29769.894300246753, 7606.139562593421, 28813.508209110652, 9336.779961420663, 7106.623392580985, 29183.85542321945, 7062.157446204371, 9957.42962025859, 29650.926306458055, 9589.822756097317, 29727.05069376493, 8816.048356609068, 8847.784475495566, 2536.6859656091146, 7936.205511728569, 27785.820004127512, 4704.220193510856, 4252.949342802248, 6947.533708499987, 9412.460847646867, 2634.783190302767, 2862.7044448591955, 8143.524953746005, 2716.4974137592194, 2659.567950441108, 4754.251824144255, 4563.780029279085, 7782.516152562854, 4713.971258085991, 7362.521624815774, 2695.8452125235335, 25749.40703469386, 4326.865927042468, 2281.915235532339, 7178.382615078525, 2458.1080074122083, 357.9859152584852, 13858.49589793449, 4581.877615946343, 7296.830885055942, 6881.8682626857735, 2112.6224007745236, 554.7374606625671, 4630.828230462768, 362.89176008782704, 2219.8923841850847, 2695.880189540231, 2132.885167121979, 446.4860747236448, 7031.273748480408, 479.5918777964305, 2359.462290665232, 4540.743267208076, 2161.7563656360812, 2353.8647696921666, 521.1180623647812, 16121.166470622848, 15876.94254136009, 16076.636554848099, 15494.131686956047, 15725.308700447584, 13914.372132451286, 15994.157598607606, 10891.26116229714, 3123.9364712144743, 6084.222287809066, 2623.941108726814, 10033.791280704741, 10246.001870151884, 7288.27574117074, 29258.340184953748, 8242.338313777998, 9719.48904375659, 22997.314300811347, 7688.876738527148, 8094.682644058306, 8654.527824878547, 8001.912630290917, 10850.086128633535, 7739.018065957355, 26405.51163477064, 27568.01946858453, 9802.510421223424, 27502.205160715715, 4848.9500366131415, 2587.5540313328715, 2477.237003753016, 4692.874488976847, 7743.890430360169, 25853.07672630013, 4573.423539122202, 2515.322208487955, 4510.326488965931, 25955.17776682105, 2434.9326372339815, 3689.9167146444593, 2106.4358902162603, 837.9964593501393, 4648.553058884789, 736.491228093176, 1938.5036526182819, 541.954185518203, 717.9690993312068, 14658.929383080946, 14647.878415831365, 18134.874963545077, 14280.824442994533, 13843.828714546391, 14073.171302148437, 15752.361739977721, 15738.492057409461, 9740.12558515936, 28891.155814783986, 8178.583493263968, 24540.375023826462, 27645.975013211417, 7834.063738230424, 27851.050802672387, 7288.677685650972, 9989.025918459678, 9064.333818678795, 9716.7975788026], [9294.439506347615, 3989.7794960577066, 0.0, 10574.118529210384, 9634.953356602991, 2245.952286666914, 8844.986369784701, 12043.70617122195, 10482.006451746938, 8745.974027591961, 19906.97134460784, 7756.098137233425, 19195.665711451, 9550.279531844155, 7721.238891101054, 19493.791100098075, 7726.848044635543, 10100.895429906848, 19824.727404029047, 9824.066830182748, 19882.377261752627, 9087.39712128194, 9081.644381657807, 154.73128746963596, 7467.206956579775, 20866.545526940932, 1768.683058283347, 295.4347140630327, 1899.7068559329127, 9499.413305883802, 208.15826766332336, 207.26978360427773, 8534.489369814151, 131.49164836340913, 213.07654222069, 1931.7551134953276, 1846.585120408015, 7938.571493658436, 1811.3490708903212, 7769.181693379783, 146.6771862487368, 19009.67891391581, 1543.950829031077, 4225.8581713177355, 7476.231715077976, 336.48114512141564, 2109.480568116001, 8895.952692672756, 1750.5667646710021, 1820.5821952540216, 5125.002816256159, 3846.4032282977146, 2235.1063701061103, 1700.5221703907052, 1870.613886216159, 3725.868162936076, 250.02716473060354, 3877.9409206018413, 2138.122629241936, 1566.9235399960548, 2149.6521343029153, 3945.450634287267, 1729.1289148578944, 3839.4107540898003, 3928.3093119368086, 4080.934595919704, 10685.005501688633, 10407.742347711877, 10706.033772941912, 10121.796298043007, 10644.632626156908, 8871.757463644817, 10477.837735966656, 11983.913965966767, 109.18706138433511, 2653.21268333424, 247.45992124156737, 10069.49561440584, 10172.822855493749, 7618.997406625931, 19573.824889908195, 8456.591782256757, 9891.284023072669, 14614.577023646501, 7825.5254805082795, 8273.871838368286, 9549.738073776129, 8171.161173973939, 11935.756411186343, 7988.283050947415, 19676.901135925436, 20875.901315522857, 9301.895957427547, 20838.26458467596, 1913.7383275031948, 181.7501612948094, 321.3613857218339, 1774.07674701386, 7763.752207773058, 19157.204075348025, 1694.6491306761575, 246.25339179415562, 1795.8737602960825, 19180.540933405195, 291.15976257218335, 5430.4844830375505, 3921.9224766390016, 3581.7062689653835, 2199.1512034820357, 1968.1986409692408, 3751.2206174952676, 1930.7486190265745, 2035.245225152647, 9967.816882422972, 9685.085288100197, 13889.605691241175, 9144.341013624056, 9042.968243660142, 9010.024492354645, 10293.345666114948, 10344.604047761057, 9854.42279569189, 19308.982921073923, 8489.833461645343, 15849.660688595388, 18321.779611075293, 7967.038768378809, 18465.69524511529, 7706.049548959611, 10181.541294763745, 9181.707262136288, 9932.38895681764], [304.4503584405531, 16099.395498899508, 10574.118529210384, 0.0, 149.19361471225307, 9342.880998688792, 230.1000480796929, 1927.5714607639698, 29.098489768961684, 1959.3118442378336, 1377.00672025226, 1492.290627462957, 1286.4278435509225, 1583.5488658597706, 1458.5971938535426, 1292.672058515697, 1343.924200684643, 2142.2946668067343, 1351.8307655239296, 1708.3190484122335, 1314.4470143116803, 1495.9207233080263, 1496.7688009131155, 1270.5575017130038, 1424.7445242555816, 2214.941866279778, 1148.1320341061219, 669.0494310669982, 866.4736159267745, 1939.957228906904, 866.2890185472786, 763.8677316596469, 1335.8379330040327, 750.8229762584455, 763.3192745328358, 939.5912847236383, 996.7498565483853, 1557.4790453361352, 876.937051387899, 1899.6148687721038, 713.5922041608303, 1564.5640943089375, 859.7922486926295, 2796.6964089629755, 1449.875256786408, 707.7691800806643, 2577.840776196723, 319.45790527651866, 896.5369415946756, 649.8943625384373, 1976.438216693002, 1308.74139521524, 1113.9924442124081, 865.5895607610553, 1197.3445842395101, 971.3964113090433, 759.5438308397366, 1136.753980741699, 1233.2973120034637, 695.3692081316169, 1246.2092296002284, 945.0806019832855, 890.2820036635256, 1213.9109640435156, 1249.93350630815, 16583.783950883706, 26.456524127741552, 74.97500326969666, 107.39792056334939, 156.50051739557085, 105.96789889178078, 311.24355768729487, 57.728156186931194, 2008.1046262763812, 5119.318856620199, 4947.402668687483, 6322.492379297303, 2101.0675314938458, 1886.1361316341727, 1479.496173057041, 1322.4339406545187, 1590.0480207484507, 1844.225908493884, 860.6988933385139, 1315.437953792874, 1863.11425189924, 1695.5954706928621, 1503.8242064175242, 1826.2731164022148, 1836.6255067316536, 2298.5663743489963, 2290.7498306347075, 1993.0315133103047, 2416.1935241873775, 1002.8164382734918, 867.5228842503493, 864.2216432635696, 1105.1134686030377, 1464.6090928174538, 1849.4465838457204, 906.6316501451128, 956.4598643109528, 971.3460778783799, 1723.2251946529261, 874.1235255643375, 2780.732293786494, 2427.639859998762, 1170.4140251907772, 967.3954475372925, 1035.0662047831652, 1858.329281274835, 1302.7101106584319, 950.8996730239619, 1857.0111495835624, 449.379131996621, 778.4467948513092, 254.86733970696093, 391.53278704689694, 169.82083279159812, 48.35928750071028, 94.0809701532417, 1830.424588658807, 1298.1057190862066, 1660.7794410368, 1069.0327914927072, 1271.2729694218697, 1636.7452741654413, 1234.784079886676, 1375.10488251417, 2111.28602022268, 2193.7225998097683, 1482.9035803657134], [101.58322060868241, 14268.318952136426, 9634.953356602991, 149.19361471225307, 0.0, 8987.16192334598, 109.50924971690179, 1767.6615424659478, 150.0968876698978, 2146.0212422413774, 1613.9119484205303, 1678.46276117291, 1519.841512842076, 1730.3614806442658, 1642.7361464162082, 1525.8807209690078, 1534.0181518774707, 2290.0975994271166, 1587.351068804131, 1876.6794300692256, 1549.0965764132416, 1614.279531925925, 1614.862036927825, 1205.9715796514806, 1618.3120932876932, 2425.1102445706333, 1153.7576512971016, 771.2496790325937, 978.4914160590887, 2112.576417378471, 868.5525453673265, 815.9163380019124, 1463.5139731119486, 809.9255189449842, 816.7785534768866, 1040.2916804000054, 1094.9844607076523, 1648.1403900159398, 962.8193191750769, 2035.7569880084097, 787.6431469845855, 1776.916987587402, 943.4143688071777, 2580.9548246710137, 1509.9038877349012, 781.8750079818999, 2371.919469474228, 132.24081463266256, 984.3163721561629, 767.7069819906804, 2118.1504856016913, 1252.1335516464399, 1117.8575674190824, 954.8725989685498, 1141.4531378755248, 1030.932623971756, 822.6465486738629, 1102.2487202449115, 1200.50384291003, 804.8668310584818, 1208.894585978807, 1027.7703293952748, 976.5202655008791, 1168.341296637431, 1195.1426065643725, 14686.334319567322, 171.95297866290548, 101.15558083128491, 118.8327377469237, 56.2459764878104, 77.38663932491484, 144.7356314188898, 173.5075086495789, 1727.9830511576063, 4687.052084215082, 4754.545792679288, 5742.287278575745, 2291.011398568449, 2076.5289085046916, 1619.7499892911715, 1556.959130582164, 1779.7153563002557, 2021.681566615488, 1087.0155493930479, 1496.4713752417424, 2038.3910580373245, 1802.912672140034, 1693.6472526255411, 1582.5556199663663, 1993.3649054621153, 2481.797651161777, 2474.558552085838, 2151.6815952013, 2603.9671680319793, 1033.7188405930708, 864.9840965577331, 869.0164556843743, 1125.0717505797727, 1639.3866313810179, 2060.8102997169776, 984.4947184907476, 933.1919964392059, 1019.4047916292807, 1941.2778026093688, 896.8695305457746, 2702.020647391846, 2238.8377260850007, 1132.1429590715873, 1067.3519971303454, 1089.406908570123, 1729.470731426837, 1239.7368029209022, 1039.249292419352, 2008.8502245293892, 93.45250653124926, 929.7328821112249, 101.05319888784841, 156.10988448735853, 119.03735122019967, 156.27760894132447, 83.8218684032135, 2004.592673480423, 1530.8027968199706, 1833.59187269791, 1297.3359796014884, 1502.7658475872674, 1791.529823726235, 1464.5767599141711, 1492.907184238575, 2263.477888663731, 2375.6129595059438, 1607.6153460852677], [8315.119814314296, 6601.318486592788, 2245.952286666914, 9342.880998688792, 8987.16192334598, 0.0, 7902.699209658925, 11414.468924257058, 9236.427528998085, 8461.222471171526, 15903.024289246136, 7626.791273190472, 15407.533681560326, 9157.486447155754, 7625.316465685539, 15609.182841459362, 7652.347004677908, 9604.130243384287, 15871.65304397371, 9352.918692969071, 15882.039573179698, 8740.156530908927, 8726.263759676782, 1888.273958285843, 7231.554810920971, 17647.97613970953, 336.7485965707445, 1821.7206724776981, 404.1101442221206, 9047.435757942774, 1829.5046154589138, 1692.4773144716144, 8300.01848115085, 1756.7574262041828, 1683.1270530588351, 216.96977156912533, 219.2614922037793, 7713.590472132741, 308.64301951210916, 7604.763853609207, 1805.2699137223233, 16090.828505384441, 460.0650868506321, 5652.534373653897, 7327.696499732014, 1909.9248540410656, 3477.525254105692, 7960.668391640121, 336.1016664565064, 1950.6064603751188, 5912.936246926156, 5084.517657645027, 3627.755060118336, 358.1744989764688, 3009.279501476468, 4906.700316365286, 1643.4461629702048, 5120.670406481822, 3681.817372989872, 1790.5272339159085, 3634.5198330644025, 5171.02804117237, 355.55288914012874, 5098.128248879723, 5158.285837769982, 6785.916543003833, 9411.30535540982, 9246.420836898276, 9518.628930132849, 9123.778623206752, 9269.696315066507, 7965.581847902652, 9108.715006330924, 11400.34885010256, 1981.8818837597466, 235.38729995723696, 2563.472038284272, 9643.60203430505, 9729.921230545047, 7526.231113623013, 15732.992725468297, 8266.722373307932, 9478.964212018642, 11737.737206230626, 7647.558598950984, 8083.094961280923, 9164.063055735065, 7944.975380281477, 11357.11707102434, 7704.491960850925, 16596.163924303833, 17719.00243337036, 8791.379047154152, 17642.349480844092, 262.6972466620522, 1765.8650492786064, 1878.4931167226416, 272.72154011947094, 7289.105633869033, 16151.283522521522, 358.4237195761912, 1915.2423571747265, 380.6600785607273, 16195.527743885767, 1730.3877674068408, 6278.750510743088, 5310.890547110113, 4775.668646668935, 3592.6619460286406, 3461.2787786695244, 5064.3417307479685, 3426.918087523264, 3446.3753799761193, 8903.664424405957, 8713.609908892015, 12689.696957907256, 8178.3778107357975, 8093.670499119129, 8032.411092993417, 9067.717479629371, 9196.10466470718, 9445.537045292753, 15575.039326597449, 8262.203773497893, 12766.384465540426, 14774.622085070872, 7799.312603462846, 14875.393725203263, 7612.913987709535, 9702.864880251456, 8887.217404116655, 9463.989012111508], [51.99408010912464, 13879.120680130585, 8844.986369784701, 230.1000480796929, 109.50924971690179, 7902.699209658925, 0.0, 1647.3812089886233, 232.84392952703007, 2016.7772412763607, 1627.7558153658729, 1544.010343279302, 1542.4010169631797, 1593.8710395578653, 1506.0533764530503, 1550.860370216656, 1411.071424824043, 2156.9828544149796, 1606.4579853490818, 1753.8275206437293, 1569.6617154323753, 1463.0677086775383, 1464.24833144113, 1148.2749888331539, 1464.5582783811142, 2336.0026720907167, 983.4686177028407, 734.8188730780479, 848.8993039066046, 1967.9981123778223, 807.1958848719033, 761.766016988942, 1314.857511353319, 756.4817399924196, 752.4686399802514, 896.8942067067958, 941.1516427124544, 1485.2010615675142, 850.6301571765038, 1866.9881075115243, 757.6027516802358, 1715.6824666840396, 833.0270778792612, 2660.0510773409737, 1347.599939806841, 751.9415888656179, 2282.8604096355157, 32.09338273937328, 853.4518250793468, 747.2645250419696, 2045.1342507598995, 1305.6139524249015, 1148.3217489413705, 841.960750115889, 1047.8601085806883, 1060.5916204556117, 781.4028184196733, 1143.1027096216424, 1237.0841908410068, 743.4305526966301, 1247.4500238696369, 1054.4697118770277, 842.7755481544497, 1216.0892304912518, 1247.232931032179, 14333.57383162338, 273.7741786041776, 186.42703967483797, 224.85694941765047, 142.6491587137602, 172.4570026256478, 31.785251173910392, 208.3557773637026, 1602.0475889049228, 4332.99072433071, 4099.284225975787, 5563.450098028499, 2178.8495374278173, 1975.4250793455353, 1454.8290477554856, 1578.6040936115448, 1656.6188949885375, 1901.9112785276727, 1040.4718125077786, 1354.7338477727294, 1896.1045898161924, 1653.7200648871453, 1567.482199612655, 1473.191259971933, 1822.8734789776083, 2417.693897943304, 2414.6961387686006, 2002.5535204924254, 2542.03538470014, 901.2149213526275, 820.7587506579302, 784.0262799966852, 976.7913665994524, 1473.1237651131373, 1984.2927646141743, 849.2237024373452, 869.8596151074514, 929.5201966429213, 1869.9761214989069, 803.8384637483799, 2647.622829434791, 2283.3428588002557, 1160.22139834143, 1096.917082909778, 1121.3266383367074, 1774.1700274847722, 1266.9870755896409, 1060.3648412423279, 1944.1522537675787, 54.853291226313544, 1040.4372882486675, 29.324687730834768, 57.823561270168945, 55.36435903563834, 228.34273226684672, 168.89594944016244, 1880.4445146468993, 1554.8201665974743, 1702.2356828234963, 1285.9236602624076, 1522.8609827894209, 1627.5110415748557, 1485.3899860137826, 1332.5001334683625, 2136.718170490289, 2245.113380492781, 1474.4620290778448], [1719.0228825087079, 10518.859083189447, 12043.70617122195, 1927.5714607639698, 1767.6615424659478, 11414.468924257058, 1647.3812089886233, 0.0, 1860.7086653599042, 1616.9576026055497, 3347.2379998196993, 1354.9449967925711, 3265.443584286735, 896.7115374137203, 1677.2953179526382, 3276.903701170369, 1651.6848179429187, 1402.6685380876806, 3329.7880746517103, 1443.61589583314, 3294.3647512293396, 561.5742649663292, 573.6521236989482, 2999.842635687371, 1880.6448822727584, 2664.060289226541, 2677.8751943613497, 2341.8862179020375, 2393.0477816651814, 1599.2154634643218, 2529.431817375458, 2324.4455209366556, 697.9571539828183, 2313.663463932715, 2313.2580779178215, 1932.8606584974823, 1869.3918004446414, 528.668538324123, 2323.716243860943, 1346.646379478857, 2378.9250205980784, 2484.264250162034, 2268.0444397917154, 4257.804295061155, 515.677846407502, 2329.6273443819605, 2651.547003245042, 1845.3398330797156, 2305.444773755936, 2388.935367734772, 2391.185231561517, 2991.8575134721423, 2964.474358147005, 2339.8651194920562, 1829.010816193934, 2627.892076823549, 2431.8342835854446, 2653.1353837833544, 3054.3181263661386, 2345.020315117879, 3037.669568186396, 2520.2644913590266, 2350.9228558070718, 2779.260956664786, 2803.731928072356, 11945.770385648024, 2215.28348242464, 2054.1677201796015, 2093.2843592482413, 1911.1200173625691, 1861.5555137260678, 1918.5566902695132, 1781.1529963457488, 53.627945757768146, 6805.736884020306, 7770.545885967305, 5829.235539173456, 1958.5491011091183, 1881.727959133538, 779.4517188488251, 3302.452165875178, 1552.9627325288777, 1574.1931114568808, 2757.6480682074293, 1177.3228173038542, 1656.765190277988, 717.181344394387, 1524.75811590166, 133.0738264106585, 1457.863576467481, 2638.473322493792, 2675.8419848113363, 1778.9450699368065, 2751.888933879128, 2370.1570798135117, 2532.651511461077, 2493.0745687591525, 2037.2420798380829, 1539.3136553944641, 2498.4313384881793, 2325.7904401562428, 2674.1502673365667, 2687.8617190974824, 2548.2175631611963, 1979.4049014464551, 3006.9283554889544, 3343.844623398542, 2580.084778001713, 2767.8202161767567, 2908.067720697556, 3110.243965161903, 2866.8700657862196, 2603.0863196120085, 2079.241593273839, 1780.6876841997316, 2684.513701212006, 1774.603138264563, 1738.3294111716866, 1778.1990721422221, 1863.3216219936146, 1926.7022878121595, 1385.56323677428, 3275.9873702992263, 1277.4286620721793, 2999.616567880238, 3236.3726783545785, 976.063929335301, 3198.744266765285, 559.0606664381273, 1540.5429432738138, 1927.1705733996241, 787.753291005428], [307.9319194069439, 15991.984110898917, 10482.006451746938, 29.098489768961684, 150.0968876698978, 9236.427528998085, 232.84392952703007, 1860.7086653599042, 0.0, 1838.0054549955332, 872.6566394898875, 1352.4523223493873, 817.8752765449693, 1480.5160240745952, 1322.7253761797501, 814.5356050289087, 1180.858426976259, 2055.432401257278, 864.5385583533297, 1612.7871084689975, 818.3008342058413, 1367.312130947426, 1367.3879261286809, 1240.8652841943765, 1193.549145751683, 2105.0384958127097, 1086.8461723199528, 454.3807994712408, 651.3196518854736, 1789.4794028958088, 813.2247537784153, 661.7726767245849, 1176.7897296703618, 626.5661801269003, 660.2718021990045, 617.4972892220933, 690.4815307681623, 1368.307894894321, 621.2936775459691, 1726.1596156248245, 533.0144641801913, 1256.8101164440382, 589.5096195077302, 2778.5614003968676, 1247.665359366928, 506.0929890183928, 2561.5942381731757, 330.5138207043384, 611.1107435365416, 353.18067315836225, 1862.5887390332741, 1291.1182595462944, 1064.2888894144667, 611.2952994927272, 1182.4944390459773, 904.8108299549863, 645.1105603603294, 1119.470411192164, 1200.0102652575729, 393.2673085478006, 1219.2851942080667, 815.1137855435319, 676.940954284343, 1198.2504082275236, 1238.7850205557497, 16477.11590616303, 36.34108598417205, 88.4182937345858, 131.56553475275467, 168.82844370448652, 111.41866860093157, 323.7251583678419, 40.13457241397055, 1956.4611016319727, 5066.468266154166, 4849.501206278474, 6270.344783389401, 1998.8416271390477, 1788.1551111423605, 1326.1434353123207, 869.9243112913252, 1484.978944781908, 1747.5240090683515, 522.3857473663763, 1165.8810824139593, 1745.0659934575008, 1602.204440302385, 1367.1259773859326, 1747.3004672115283, 1648.6453233291838, 2174.6509236541956, 2175.469510580344, 1843.308985346957, 2299.7022616476893, 917.8453943669822, 816.928094500022, 813.7444479010386, 1044.389812507954, 1262.1232321981643, 1591.970694216496, 763.633991087034, 919.0290931981816, 863.1680497578583, 1439.6947921764468, 818.249779811976, 2748.7823564411374, 2413.8822726750927, 1140.3887095250932, 765.0415567545839, 948.0972248775092, 1844.3246472594399, 1285.8156310082663, 776.7203447530775, 1765.5946131385074, 475.9423932346402, 788.8832207812864, 263.70289376511766, 408.9604360445793, 156.48727092673158, 24.886423266911333, 104.12000881403468, 1732.663479279716, 845.3714274288125, 1549.012959705947, 808.1116274198663, 933.1225847994974, 1495.1543617062769, 880.980147903557, 1217.0303243023002, 2026.4887482432505, 2088.014123870958, 1386.7548261478842], [2313.3436372236683, 8924.21521608895, 8745.974027591961, 1959.3118442378336, 2146.0212422413774, 8461.222471171526, 2016.7772412763607, 1616.9576026055497, 1838.0054549955332, 0.0, 1832.4165797695387, 76.84913785112175, 1753.6269649353683, 238.42628303198904, 289.25379015434424, 1758.7942190302688, 279.08493540699624, 188.4030779965997, 1815.4524979390303, 227.68467916236264, 1804.4767587456047, 369.0331331925701, 365.8780886455281, 3082.9792897210773, 663.8396503405955, 1372.2199067133984, 2696.8559539028784, 2220.963680077042, 2258.419145556102, 351.5504737414967, 2577.12359033216, 2412.913432986165, 391.6264284847284, 2390.7040549412745, 2402.1795675291464, 2047.6713497505652, 2036.3156200166131, 660.3053023877319, 2328.1933764937025, 473.6542736315541, 2362.477316308377, 1304.9268040931065, 2295.8551387707607, 4522.97070087628, 1034.7021533378816, 2327.035408685972, 3410.495879980752, 2247.660052594381, 2303.035868198528, 2088.0402645163676, 2100.2017137528824, 2997.3566835105366, 2831.5120929591626, 2324.5938221111337, 2341.111179200787, 2538.228776392056, 2434.9263718600214, 2770.938173149923, 2987.37381952209, 2095.159911217956, 3013.546393859006, 2417.1102308715067, 2347.5918075049412, 2873.0475300052044, 2929.0568079807226, 9824.285725190373, 2056.927783484973, 2134.594744597215, 2242.2307761561037, 2273.7177740182165, 2048.769674663898, 2261.82234561145, 1765.7987686244114, 1633.1129903574608, 5572.207973104426, 5752.675891207101, 5849.060321484796, 204.31878412134603, 270.72565216576794, 251.99813619145633, 1783.9928517633005, 181.69725778091447, 192.83428084150856, 1421.9968191563532, 167.75184382953523, 125.08167941446699, 239.67285720314496, 123.43354698620242, 1673.403937945373, 465.19467350178905, 1379.132381028819, 1356.0215843422177, 405.05642701667205, 1381.1891075593282, 2442.7592604178776, 2600.8822815258395, 2532.3615364509005, 2315.4647726597736, 558.3922121655481, 1277.1791297151867, 2363.2215929470276, 2734.7536364897537, 2600.7135210060433, 1291.5951232556263, 2237.078424225126, 3091.427052364573, 3902.4158754168843, 2733.323828946078, 2442.859466251874, 2685.554615024873, 3473.2506485623317, 3037.247010416403, 2456.288904953006, 1826.0301815655594, 2676.5272060005504, 2368.1389527921897, 2175.527045715558, 2378.9658082665624, 1946.7483849501857, 1851.971633714011, 2128.438292712342, 173.92783075200322, 1736.0297977140588, 105.37823375159063, 1443.2072928393443, 1687.8387014157088, 111.34738686542161, 1644.606006925449, 529.5505616721816, 236.05033200877742, 104.54033068686728, 460.7090937308223], [2399.598063471002, 29769.894300246753, 19906.97134460784, 1377.00672025226, 1613.9119484205303, 15903.024289246136, 1627.7558153658729, 3347.2379998196993, 872.6566394898875, 1832.4165797695387, 0.0, 1313.7294515175643, 70.06482632900762, 1999.5847924393693, 1384.3877343928582, 68.54221929646917, 1052.581303950608, 2567.461543590022, 31.35073323835197, 1943.3201990301611, 36.71920421965201, 1969.0643211422582, 1956.2346655150702, 2637.356255868935, 1313.3903224954347, 1875.4816725287812, 2090.389973566763, 1218.6549554840658, 1342.5458421825986, 2183.4864202528447, 1865.061782303908, 1564.8811080928872, 1544.1322981639214, 1505.721987734719, 1577.8295591581518, 1182.6196520506423, 1280.2744266346717, 1971.351788538987, 1286.2322757678503, 2310.895206125867, 1364.147756098866, 984.6802775692595, 1238.111174696173, 5023.1523095575385, 1981.5008496977125, 1307.837399127727, 4674.909125714148, 2277.576150183221, 1242.3760965703866, 826.8503800811499, 3111.2638880405702, 2495.38330225337, 2037.2612267145605, 1283.938951105906, 2289.531701256838, 1797.5355942009746, 1561.0503691162892, 2190.98125343791, 2280.1810917859625, 838.2384000050528, 2263.770081616362, 1547.971810691536, 1396.039827103663, 2306.437310338746, 2333.197624894533, 30724.897992358437, 1536.6018404767924, 1750.5527078225068, 1857.9883286962227, 1919.1594232407065, 1283.4798645145538, 2100.028944777372, 807.6762712917085, 4030.4878005060527, 9812.198912648464, 8792.978508190448, 10925.338069402673, 2172.433256420316, 1852.603872483384, 1891.8538332007417, 56.28709563704008, 1542.9005723100038, 2013.3600812038972, 438.83966337565425, 1413.5599358506008, 1934.198888418917, 2235.4792538434567, 1358.644236258945, 3676.951741951777, 2090.5021185487344, 2049.198008559803, 1914.4271015320783, 2321.3769888004863, 2081.8139531128627, 1808.010401946758, 1879.2433431949862, 1869.023333556723, 1865.9483190179453, 1625.519680713287, 1394.9411058991225, 1547.8374727183132, 2065.505012779993, 1738.8476329090342, 1199.3877253670541, 1733.1048699030728, 4997.039590321849, 4476.353187851072, 2276.7327349067427, 1440.6599332619155, 1832.9598282218951, 3450.9795025284416, 2404.4248005515374, 1502.973334461902, 2562.136212418657, 3193.4708784575146, 1757.4433920505444, 2001.9416380753248, 2440.7999961441446, 1319.7823256627607, 979.9840617728249, 1673.7271099069565, 1818.9347011403397, 71.68375774153976, 1634.7002628010255, 364.4988833205217, 124.00701821958687, 1978.5385264726106, 167.8782746992983, 1820.5876665519913, 2670.793469929301, 2429.5607432127076, 2236.760841285922], [1885.17818981737, 7606.139562593421, 7756.098137233425, 1492.290627462957, 1678.46276117291, 7626.791273190472, 1544.010343279302, 1354.9449967925711, 1352.4523223493873, 76.84913785112175, 1313.7294515175643, 0.0, 1250.0428449323786, 242.15266566815816, 115.74059775526857, 1251.6138403731889, 106.92367140235609, 230.5410485013194, 1295.4675654128193, 207.36504738749986, 1282.636900066929, 328.28259705260933, 327.83096023095317, 2593.767169235056, 422.01014759708386, 1116.1796790707633, 2256.7023064161954, 1697.439203724402, 1760.720409869853, 327.13434293917635, 2128.006896985208, 1934.4803247768348, 274.09865086574735, 1895.0627473084799, 1925.3706183909585, 1468.503466780869, 1456.5746306297679, 521.5893898455073, 1725.5055937692023, 355.8336443121544, 1864.5305995946267, 881.2968609601754, 1698.1175085931618, 3972.436444453872, 771.9534602265695, 1794.9868850543996, 2863.9428778691213, 1804.282267290198, 1701.6656037614914, 1531.871516834707, 1794.5288756822579, 2483.6165787137616, 2345.0767490116405, 1734.9075741381162, 1836.487666463827, 2051.2194718503893, 1989.5868498319526, 2264.815171972436, 2489.694038947517, 1529.8126820381028, 2519.007160241163, 1907.1412192108537, 1809.9395197079477, 2364.6161651232874, 2421.8045386048543, 8438.352388739182, 1604.012404614812, 1685.4453400455634, 1800.3844748417448, 1829.5428376644022, 1588.0650007591296, 1807.9752643293418, 1277.1974096022916, 1434.7909673068452, 4881.132803205291, 5115.428831183629, 5123.898996273072, 197.89657784887783, 251.83241606797688, 180.8848346231592, 1276.445252623755, 141.47214042483475, 203.90226990923037, 1011.1206695293847, 87.3227741553248, 56.36467831838886, 243.49333120929225, 53.44035167890895, 1443.4729995069922, 344.7139565772085, 1179.816172128715, 1120.683653055748, 336.68901614285426, 1201.997649884677, 2011.5759234344432, 2148.846829485231, 2080.088660532888, 1774.9337488197084, 371.91372224528976, 893.9103824956237, 1869.6672545931838, 2273.0359514491984, 2178.0035669687913, 883.3144063869338, 1681.6310509836096, 2765.2255940175473, 3362.4860228834327, 2214.4113339568044, 1985.6047922658422, 2212.708668070995, 2943.1246951514718, 2531.3042894762134, 1970.6028210248544, 1554.159410619582, 2262.454019227499, 1883.265068524435, 1727.4330115895007, 1948.3833212435013, 1466.174696955229, 1365.816216143048, 1678.605025571288, 209.3117930865809, 1247.7203240988122, 114.81501746980473, 1044.529162142738, 1224.7911751066324, 100.96961157624102, 1181.8907840423474, 394.36537188078637, 294.42477719454, 137.07179632441654, 399.34888005388024], [2271.299988868549, 28813.508209110652, 19195.665711451, 1286.4278435509225, 1519.841512842076, 15407.533681560326, 1542.4010169631797, 3265.443584286735, 817.8752765449693, 1753.6269649353683, 70.06482632900762, 1250.0428449323786, 0.0, 1926.5282423829844, 1311.0830616407154, 18.971738070390934, 999.0063929857055, 2458.687176058465, 42.087642792259594, 1849.6692819561295, 40.4598727717075, 1917.440698417835, 1904.486365792168, 2526.508353000327, 1251.3794907105016, 1805.1604347152495, 2015.4619101462401, 1153.1907308216262, 1288.0477456523422, 2073.1957873162537, 1782.786244996777, 1494.0139165244516, 1502.4123205189358, 1436.468299956704, 1507.4030476981739, 1155.7098787334994, 1255.3998022934036, 1941.8190591619812, 1238.7163858978029, 2218.645770263266, 1298.0108768380362, 955.2528377309724, 1192.292285017388, 4848.567527267461, 1962.9179797606603, 1243.3183904256637, 4542.993972273644, 2153.8330235848116, 1197.9213797310538, 780.8028658905586, 3000.073153869762, 2401.118888124839, 1957.8725445494217, 1235.6492615118398, 2224.5796108264144, 1730.9648703523294, 1489.138592943402, 2114.738034780873, 2192.2088867711864, 801.419370795109, 2179.818351811211, 1495.5721541676617, 1343.3323315360271, 2225.0968138378953, 2252.614295226347, 29701.13110199346, 1431.394806195108, 1639.6425759888457, 1739.7663882809393, 1805.4140199600163, 1203.2168079984526, 1986.269532336553, 769.6496574487318, 3912.5987145972695, 9446.075005186693, 8487.052329560003, 10609.04763272766, 2065.392695096104, 1763.8795416969388, 1833.1311854119167, 24.224568261299233, 1461.3025580104872, 1915.8284123890203, 382.59662748935875, 1354.7743909796782, 1835.5892469918638, 2166.801675708512, 1285.3017473065688, 3564.450002179606, 2001.7455444863551, 1970.2745435218753, 1841.4472508542478, 2202.9957444038587, 2001.6371793195208, 1743.041968350426, 1796.07845598665, 1784.0794714592262, 1813.715949146234, 1552.0102796242018, 1346.1828424060768, 1489.8484602134297, 1976.1518090821846, 1679.119211710791, 1153.6779740915606, 1681.2009624077014, 4811.212453884888, 4326.347541360562, 2196.3104453091237, 1381.8684378528844, 1758.7654735857616, 3331.753328707418, 2320.638506985276, 1445.9437570042057, 2486.0151851638147, 3026.4687013965327, 1675.3757212202977, 1892.357037535691, 2315.474278522451, 1244.3160847070446, 917.8686698514549, 1569.9092729366032, 1742.817351445377, 44.362712264965104, 1564.6377349152262, 290.12007188012507, 65.23026129802852, 1907.4331148232063, 113.38128593744757, 1789.182266167553, 2545.358073417542, 2303.6208734071124, 2158.041800500368], [1867.4219835844485, 9336.779961420663, 9550.279531844155, 1583.5488658597706, 1730.3614806442658, 9157.486447155754, 1593.8710395578653, 896.7115374137203, 1480.5160240745952, 238.42628303198904, 1999.5847924393693, 242.15266566815816, 1926.5282423829844, 0.0, 425.3671201952772, 1931.960026572055, 394.6718143584236, 86.43500410237588, 1980.7135454081522, 104.7529902527328, 1948.2250639290264, 82.52367886067724, 83.31826735292898, 2759.6162063488164, 694.2980635903442, 1399.3438477835125, 2412.7328180444, 1861.3427018368918, 1929.0249773896192, 358.7346091236017, 2281.9393219293866, 2078.4232424628008, 241.0956746574513, 2037.4583890720412, 2071.983904160336, 1644.2654016532458, 1612.4069245062724, 355.48151156955424, 1938.7286431016414, 455.6933530043381, 2031.5499980689133, 1277.9564944987883, 1902.235236782994, 4107.75238930607, 556.0041164333787, 1963.3329336147724, 2877.7045224260883, 1825.1557330921203, 1919.9256818430515, 1800.9940556563588, 1693.281933700022, 2663.8850741626757, 2554.5244617691496, 1941.3654096556834, 1889.380677461498, 2244.9741723543802, 2155.2071314445984, 2427.0578291351394, 2691.1691168716757, 1793.098689992487, 2717.9030612105835, 2103.5327744281235, 1954.9934100820565, 2533.6059512115876, 2590.456316184054, 10336.42088962906, 1713.6985334075753, 1768.0691694895004, 1882.3115172944704, 1883.0891110361924, 1710.6225156220703, 1859.2376572009177, 1402.8351730245308, 996.6441157497469, 5672.584704580625, 5994.607391032515, 5617.736629127435, 179.6500688634246, 144.4924456230425, 180.48824755893347, 1958.666840244271, 154.61546917027226, 95.27523511405951, 1512.5033927248628, 204.64567803645963, 294.8973158605756, 61.19493456774819, 253.2940392856851, 1083.785383654345, 486.4858892814453, 1393.624451890054, 1391.553733364764, 442.16779259825375, 1405.8819488530416, 2144.863366885499, 2301.615883222878, 2230.6731874460907, 1840.107171126877, 531.9366566806447, 1278.953257609391, 2010.8851130576847, 2432.854141672051, 2354.6011294569394, 1301.924435151081, 1788.0027619592906, 2625.8041301463986, 3424.821345926493, 2347.6639305984877, 2228.7290143587243, 2439.741791031707, 3051.646387227451, 2693.2098642291885, 2186.1078566915926, 1424.628397872957, 2203.226089750302, 2053.4158866743937, 1759.332067634644, 1953.1001508817646, 1545.231485373098, 1476.6146939273422, 1756.847602225401, 77.158382624185, 1936.7146545434257, 143.2154582187733, 1680.6697941360264, 1909.3238440874202, 160.668278968359, 1876.4425557479676, 260.9491644663718, 77.25021084272859, 237.7233369723457, 115.25452998222215], [1843.7885405394459, 7106.623392580985, 7721.238891101054, 1458.5971938535426, 1642.7361464162082, 7625.316465685539, 1506.0533764530503, 1677.2953179526382, 1322.7253761797501, 289.25379015434424, 1384.3877343928582, 115.74059775526857, 1311.0830616407154, 425.3671201952772, 0.0, 1315.5776953020631, 39.78325231896599, 532.6597953910992, 1363.5983231170144, 309.2336195497407, 1346.1769077370254, 529.6701951917348, 527.1514212510388, 2547.026522926516, 377.53137432399075, 1135.3167347572685, 2206.0586396213985, 1647.2333943475178, 1704.2509508521534, 438.720587715917, 2081.2665886253476, 1886.0359988576486, 387.36866325837804, 1845.9175756709808, 1876.8747097084536, 1448.51943672599, 1434.258086767454, 738.4311797934881, 1722.953082048431, 530.6360882613974, 1815.9478324214317, 890.6140424359082, 1693.1970599925123, 3913.796370409043, 961.3366202813207, 1744.637579446458, 2703.631052150886, 1762.5945911310903, 1700.0997945382258, 1525.4425317126866, 1789.4742984990364, 2445.795902921518, 2303.1022359859962, 1719.8509539477366, 1772.408608639741, 2012.3251602454884, 1940.9919462042021, 2227.7080817966257, 2449.5534662442265, 1524.591330883455, 2478.280049340361, 1869.1401587789057, 1754.077994911404, 2327.700779273596, 2384.6781387610044, 7875.597377921742, 1566.6464432751611, 1649.2058092346126, 1765.4492280383674, 1795.6491189640435, 1548.47129309509, 1767.2839221581469, 1250.2035394536933, 1734.4617223400785, 4840.707418803305, 5115.111138641696, 4841.2939113180155, 352.9110777820327, 328.2084070630317, 345.20185339430105, 1339.7571082323377, 210.0248725869937, 338.2668838384188, 1018.4082122518435, 131.37713800590137, 184.8684274922853, 496.4859019237012, 93.83845860164693, 1619.1979736367807, 459.95890717231407, 1180.902498013379, 1139.6133476748157, 465.89425027033104, 1210.3953132679642, 1956.3474335865449, 2102.4753276454035, 2036.1378685398095, 1708.8262865897807, 412.65656199570043, 932.5587296488532, 1815.2189082907278, 2227.6256017107526, 2122.445102042668, 911.1789414679695, 1630.4060397408641, 2748.90154902617, 3273.969299036998, 2171.670345432554, 1940.612980624721, 2168.8505575370214, 2890.911590788248, 2488.2082813093853, 1925.8925225940955, 1539.630269689924, 2218.6689707456626, 1866.698854476708, 1687.667572950856, 1906.4662687303746, 1424.8335827474214, 1335.4324389628252, 1643.1127170689592, 377.7032211310068, 1304.973207291544, 269.28689579927965, 1053.0108384991834, 1266.3605378090285, 319.86246540016697, 1256.983744964779, 558.6209393326441, 517.4439292438401, 353.46661423916436, 548.9115299412989], [2277.338535083992, 29183.85542321945, 19493.791100098075, 1292.672058515697, 1525.8807209690078, 15609.182841459362, 1550.860370216656, 3276.903701170369, 814.5356050289087, 1758.7942190302688, 68.54221929646917, 1251.6138403731889, 18.971738070390934, 1931.960026572055, 1315.5776953020631, 0.0, 997.4098836728376, 2468.762978968829, 41.43875673913479, 1853.4196025304143, 37.692394574416035, 1920.4196027692888, 1907.4089127214775, 2554.826598656821, 1261.237159038781, 1790.8587759467155, 2032.5178078432095, 1159.0129120249785, 1297.1843130380914, 2088.5670701762356, 1799.7780508474189, 1504.6508659170327, 1491.3920254483417, 1445.5080646020508, 1518.943618298552, 1142.0390234380143, 1235.9955283411045, 1908.428281075558, 1243.4414442673499, 2235.605688763322, 1308.2259241102663, 944.2914174303608, 1195.3779867541598, 4882.593292148513, 1907.3552082208935, 1250.078797932342, 4584.324756298186, 2166.600444187053, 1201.0829508914535, 780.6321564373112, 2992.4687628798533, 2410.5825262203143, 1966.408763693771, 1241.399550776763, 2238.7145470303803, 1732.9983501188353, 1502.9826660608667, 2120.482510853414, 2203.0811324204797, 798.3219466459507, 2189.6850928735344, 1492.1719948699383, 1350.245575861335, 2231.706623559261, 2258.461351396136, 30091.788965000185, 1444.517088717779, 1650.6868218334118, 1751.3345423472563, 1813.0184810648614, 1210.4644536279452, 2000.648604259127, 755.6830717130294, 3925.833130952223, 9586.053459526594, 8607.551047121122, 10730.41146339977, 2068.3470311830188, 1761.8907729228536, 1838.433228173842, 22.417102595554063, 1460.131212657897, 1918.9443277867483, 386.9029151572